10c10
<    sodipodi:docname="2-Public-images-osm_logo.svg"
---
>    sodipodi:docname="3-Public-images-osm_logo.svg"
776,806d775
<     <radialGradient
<        inkscape:collect="always"
<        xlink:href="#linearGradient5745"
<        id="radialGradient5751"
<        cx="128"
<        cy="86"
<        fx="128"
<        fy="86"
<        r="47"
<        gradientUnits="userSpaceOnUse"
<        gradientTransform="matrix(1.0212766,0,0,-1.0212766,-212.7234,173.82979)" />
<     <linearGradient
<        inkscape:collect="always"
<        xlink:href="#linearGradient5762"
<        id="linearGradient5768"
<        x1="123"
<        y1="150.375"
<        x2="133"
<        y2="150.375"
<        gradientUnits="userSpaceOnUse"
<        gradientTransform="matrix(-1,0,0,1,46,0)" />
<     <linearGradient
<        inkscape:collect="always"
<        xlink:href="#linearGradient5762"
<        id="linearGradient5778"
<        x1="128"
<        y1="134.35938"
<        x2="130.875"
<        y2="143.35938"
<        gradientUnits="userSpaceOnUse"
<        gradientTransform="translate(-210,0)" />
839,848d807
<     <linearGradient
<        y2="150.375"
<        x2="133"
<        y1="150.375"
<        x1="123"
<        gradientTransform="matrix(-2,0,0,1.7699115,174,-86.65044)"
<        gradientUnits="userSpaceOnUse"
<        id="linearGradient5798"
<        xlink:href="#linearGradient5762-9"
<        inkscape:collect="always" />
881,890d839
<     <linearGradient
<        inkscape:collect="always"
<        xlink:href="#linearGradient5862"
<        id="linearGradient5868"
<        x1="120"
<        y1="186.5"
<        x2="136"
<        y2="186.5"
<        gradientUnits="userSpaceOnUse"
<        gradientTransform="translate(-210,0)" />
934,943d882
<     <linearGradient
<        y2="186.5"
<        x2="136"
<        y1="186.5"
<        x1="120"
<        gradientUnits="userSpaceOnUse"
<        id="linearGradient5899"
<        xlink:href="#linearGradient5862-1"
<        inkscape:collect="always"
<        gradientTransform="translate(-210,67)" />
2731,2733c2670,2672
<      inkscape:cx="-64.207035"
<      inkscape:cy="49.539049"
<      inkscape:current-layer="layer5"
---
>      inkscape:cx="115.12986"
>      inkscape:cy="124.81626"
>      inkscape:current-layer="layer1"
2820c2759
<        d="M 9,2.25 C 9,2.25 16.5,15.25 20.75,30 C 25,44.75 27,55.5 27,55.5 C 27,55.5 21.5,68.25 18.75,80.25 C 16,92.25 13,103.25 13,103.25 C 13,103.25 18.75,119.25 22.25,133.25 C 25.75,147.25 26,157.5 26,157.5 C 26,157.5 22,167.75 18.5,181.75 C 15,195.75 13.5,212.5 13.5,212.5 C 13.5,212.5 22.75,210.5 42,213.75 C 61.25,217 74.25,219.75 74.25,219.75 C 74.25,219.75 87,217 98.25,213.5 C 109.5,210 114.5,207 114.5,207 C 114.5,207 120,207.5 137,213.25 C 154,219 166.25,221.75 166.25,221.75 C 166.25,221.75 179.25,219 192.25,216 C 205.25,213 218.75,208 218.75,208 C 218.75,208 218,203 223,183.5 C 228,164 231.75,155.5 231.75,155.5 C 231.75,155.5 231.25,151 228,135.75 C 224.75,120.5 218,106 218,106 C 218,106 219.75,95.5 224.75,82.25 C 229.75,69 235,55.5 235,55.5 C 235,55.5 230.25,40.25 227.5,25.75 C 224.75,11.25 219.25,0 219.25,0 C 219.25,0 195,9 187.5,10.5 C 180,12 166.5,15.75 166.5,15.75 C 166.5,15.75 156.75,11.5 144.5,7.25 C 132.25,3 114.75,1.75 114.75,1.75 C 114.75,1.75 111.5,5.25 92.75,9.75 C 74,14.25 65.25,15.5 65.25,15.5 C 65.25,15.5 46.75,6.5 33.75,4 C 20.75,1.5 9.75,2 9,2.25 z"
---
>        d="m 9,2.25 c 0,0 7.5,13 11.75,27.75 C 25,44.75 27,55.5 27,55.5 c 0,0 -5.5,12.75 -8.25,24.75 -2.75,12 -5.75,23 -5.75,23 0,0 5.75,16 9.25,30 3.5,14 3.75,24.25 3.75,24.25 0,0 -4,10.25 -7.5,24.25 -3.5,14 -5,30.75 -5,30.75 0,0 9.25,-2 28.5,1.25 19.25,3.25 32.25,6 32.25,6 0,0 12.75,-2.75 24,-6.25 11.25,-3.5 16.25,-6.5 16.25,-6.5 0,0 5.5,0.5 22.5,6.25 17,5.75 29.25,8.5 29.25,8.5 0,0 13,-2.75 26,-5.75 13,-3 26.5,-8 26.5,-8 0,0 -0.75,-5 4.25,-24.5 5,-19.5 8.75,-28 8.75,-28 0,0 -0.5,-4.5 -3.75,-19.75 C 224.75,120.5 218,106 218,106 c 0,0 1.75,-10.5 6.75,-23.75 C 229.75,69 235,55.5 235,55.5 c 0,0 -4.75,-15.25 -7.5,-29.75 C 224.75,11.25 219.25,0 219.25,0 c 0,0 -24.25,9 -31.75,10.5 -7.5,1.5 -21,5.25 -21,5.25 0,0 -9.75,-4.25 -22,-8.5 -12.25,-4.25 -29.75,-5.5 -29.75,-5.5 0,0 -3.25,3.5 -22,8 -18.75,4.5 -27.5,5.75 -27.5,5.75 0,0 -18.5,-9 -31.5,-11.5 C 20.75,1.5 9.75,2 9,2.25 Z"
2828c2767
<          d="M 110.75,5.5 L 106.5,12.5 C 105.75,21.5 104.25,26.25 98,29 C 91.75,31.75 85.75,32.5 87,36.5 C 88.25,40.5 100,45.75 101.25,49.5 C 102.5,53.25 109.5,51.25 112.25,56.5 C 115,61.75 114.25,71.75 108.5,73.75 C 102.75,75.75 91,74.25 88.25,83.25 C 85.5,92.25 83.5,93.75 79.25,96 C 75,98.25 72,106.5 75.75,112.5 C 79.5,118.5 88,111.25 90.75,106 C 93.5,100.75 98,97.25 98,97.25 L 121.75,97.25 L 180.75,95.5 L 184,91.75 C 184,91.75 187.25,95.75 186.75,100.5 C 186.25,105.25 183,115.25 187,117.75 C 191,120.25 206.5,115.75 211,110.75 C 215.5,105.75 206.25,82.5 200.5,81.25 C 194.75,80 182,79.5 183.5,74.25 C 185,69 195.25,78.75 200.75,77.5 C 206.25,76.25 217.5,56.5 212.75,52.25 C 208,48 188.5,47 187,44.25 C 185.5,41.5 208,36.25 209.25,33.25 C 210.5,30.25 206.75,26 203,24.75 C 199.25,23.5 189,41 182,40.5 C 175,40 162,46.25 164.75,52 C 167.5,57.75 158.75,63 150.25,58.5 C 141.75,54 125.5,45.5 128.5,34.5 C 131.5,23.5 150,15.75 150,15.75 L 110.75,5.5 z M 97.1875,112.71875 C 95.592651,112.86523 92.71875,117.40625 92.25,119.75 C 91.75,122.25 89,126.5 88.75,132 C 88.5,137.5 93.5,138.75 97.5,138.5 C 101.5,138.25 100.25,131.75 99.5,123.5 C 99.25,123.5 99,113.25 97.5,112.75 C 97.40625,112.7188 97.293823,112.709 97.1875,112.7188 L 97.1875,112.71875 z M 189.90625,164.375 C 183.5708,164.67041 183.28125,171.84375 182.5,173.25 C 181.25,175.5 184.75,187 184.5,191.25 C 184.25,195.5 179.75,196.5 175,201 C 170.25,205.5 175.5,217 186.25,232 L 231,233.25 L 230,198.25 C 230,198.25 234.75,194 209.25,174 C 199.6875,166.5 193.70752,164.19775 189.90625,164.375 z M 39.9375,180.90625 C 35.908264,180.80371 31.65625,186.625 30.25,188.5 C 28.75,190.5 24,193.5 13.25,198 L -1.25,232.25 L 51.75,236.5 C 51.75,236.5 53.5,225.5 47.5,220.75 C 41.5,216 30.25,215 29.25,207.5 C 28.25,200 38.5,197.5 43,193.25 C 47.5,189 45,182 40.75,181 C 40.484375,180.9375 40.206116,180.9131 39.9375,180.9063 L 39.9375,180.90625 z"
---
>          d="m 110.75,5.5 -4.25,7 c -0.75,9 -2.25,13.75 -8.5,16.5 -6.25,2.75 -12.25,3.5 -11,7.5 1.25,4 13,9.25 14.25,13 1.25,3.75 8.25,1.75 11,7 2.75,5.25 2,15.25 -3.75,17.25 -5.75,2 -17.5,0.5 -20.25,9.5 -2.75,9 -4.75,10.5 -9,12.75 -4.25,2.25 -7.25,10.5 -3.5,16.5 3.75,6 12.25,-1.25 15,-6.5 C 93.5,100.75 98,97.25 98,97.25 h 23.75 l 59,-1.75 3.25,-3.75 c 0,0 3.25,4 2.75,8.75 -0.5,4.75 -3.75,14.75 0.25,17.25 4,2.5 19.5,-2 24,-7 4.5,-5 -4.75,-28.25 -10.5,-29.5 -5.75,-1.25 -18.5,-1.75 -17,-7 1.5,-5.25 11.75,4.5 17.25,3.25 5.5,-1.25 16.75,-21 12,-25.25 C 208,48 188.5,47 187,44.25 c -1.5,-2.75 21,-8 22.25,-11 1.25,-3 -2.5,-7.25 -6.25,-8.5 C 199.25,23.5 189,41 182,40.5 175,40 162,46.25 164.75,52 c 2.75,5.75 -6,11 -14.5,6.5 -8.5,-4.5 -24.75,-13 -21.75,-24 3,-11 21.5,-18.75 21.5,-18.75 z M 97.1875,112.71875 c -1.594849,0.14648 -4.46875,4.6875 -4.9375,7.03125 -0.5,2.5 -3.25,6.75 -3.5,12.25 -0.25,5.5 4.75,6.75 8.75,6.5 4,-0.25 2.75,-6.75 2,-15 -0.25,0 -0.5,-10.25 -2,-10.75 -0.09375,-0.0312 -0.206177,-0.041 -0.3125,-0.0312 z m 92.71875,51.65625 c -6.33545,0.29541 -6.625,7.46875 -7.40625,8.875 -1.25,2.25 2.25,13.75 2,18 -0.25,4.25 -4.75,5.25 -9.5,9.75 -4.75,4.5 0.5,16 11.25,31 l 44.75,1.25 -1,-35 c 0,0 4.75,-4.25 -20.75,-24.25 -9.5625,-7.5 -15.54248,-9.80225 -19.34375,-9.625 z M 39.9375,180.90625 C 35.908264,180.80371 31.65625,186.625 30.25,188.5 c -1.5,2 -6.25,5 -17,9.5 l -14.5,34.25 53,4.25 c 0,0 1.75,-11 -4.25,-15.75 C 41.5,216 30.25,215 29.25,207.5 28.25,200 38.5,197.5 43,193.25 47.5,189 45,182 40.75,181 c -0.265625,-0.0625 -0.543884,-0.0869 -0.8125,-0.0937 z"
2833c2772
<        d="M 158.53125,75.34375 C 153.77142,75.329407 149.5,76.3125 147,78.5 C 139,85.5 112,79.25 98.5,85.5 C 85,91.75 85.25,123.5 83.75,130 C 82.25,136.5 66.25,150.75 63.75,153.5 C 61.25,156.25 50.5,160.75 44.25,162 C 38,163.25 31.5,169.25 28.75,173 C 26.728876,175.75608 21.343981,179.45031 18.625,181.21875 C 18.5792,181.40003 18.54564,181.56743 18.5,181.75 C 18.366311,182.28475 18.25288,182.83331 18.125,183.375 C 23.104513,181.77018 29.304508,175.19549 34.75,169.75 C 41,163.5 54.75,162 62.5,158.25 C 70.25,154.5 76.75,138.5 89,134.5 C 101.25,130.5 110.25,146.25 113.25,153 C 116.25,159.75 115,165.75 117,170 C 119,174.25 128,181.75 128.5,183.5 C 129,185.25 123.5,190 122.25,192 C 121,194 111.75,199 110.5,200.75 C 109.53432,202.10195 108.57684,207.52314 108.1875,209.96875 C 108.60053,209.79955 108.94168,209.65822 109.3125,209.5 C 109.7965,206.97067 110.82799,202.42201 112.25,201 C 114.25,199 123.5,196.5 124.75,192.5 C 126,188.5 131.75,186 131.75,186 C 131.75,186 134.5,190 147.75,200 C 156.58333,206.66667 160.5081,215.53356 162.15625,220.71875 C 162.82985,220.8894 163.6892,221.12815 164.1875,221.25 C 162.96635,216.93129 159.35104,205.01115 155.25,200.5 C 150.25,195 136.75,189.75 132.5,178.5 C 128.25,167.25 108,144.25 115,138.25 C 122,132.25 131.5,134.25 143.5,145.75 C 155.5,157.25 189.75,151.5 201.25,149.5 C 211.20453,147.76878 222.08445,164.38321 225.15625,175.53125 C 225.74525,173.43558 226.28288,171.52906 226.8125,169.78125 C 225.07444,167.85545 223.11528,165.16129 221.5,161.5 C 217.75,153 209.5,148.25 209.5,148.25 C 209.5,148.25 218.25,143.25 224.25,140.5 C 225.86703,139.75886 227.25627,138.82287 228.4375,137.84375 C 228.27516,137.06972 228.17857,136.5879 228,135.75 C 227.9689,135.60389 227.938,135.45846 227.9063,135.3125 C 223.14065,140.8749 208.67404,144.92782 206.25005,146.25 C 203.50005,147.75 188.00005,149.25 170.50005,150.75 C 153.00005,152.25 143.75005,143.25 136.25005,136 C 128.75005,128.75 123.25005,100 133.25005,98 C 143.25005,96 153.25005,111.75 163.25005,115 C 173.25005,118.25 184.75005,99.25 183.00005,88 C 181.79693,80.265625 169.00292,75.375305 158.5313,75.34375 L 158.53125,75.34375 z M 105.1875,88.625 C 106.46283,88.6265 111.04688,90.21875 111.75,91 C 114,93.5 113.75,98.25 111.75,99 C 109.75,99.75 99,107 101.25,113.25 C 103.5,119.5 103,131.25 97.75,131.25 C 92.5,131.25 89.75,131.25 87.75,128.75 C 85.75,126.25 85.75,116.75 87.75,109 C 89.75,101.25 91.25,94 95.75,90.75 C 98.84375,88.51562 102.38177,88.621643 105.1875,88.625 L 105.1875,88.625 z M 118.78125,161.71875 C 118.9845,161.73245 120.6875,165.23438 123.5,168.75 C 126.5,172.5 126.75,177 126.75,177 C 126.75,177 122.5,172.25 120.75,169 C 119,165.75 118.75,161.75 118.75,161.75 C 118.75,161.7188 118.7678,161.7177 118.7812,161.7188 L 118.78125,161.71875 z"
---
>        d="M 158.53125,75.34375 C 153.77142,75.329407 149.5,76.3125 147,78.5 c -8,7 -35,0.75 -48.5,7 -13.5,6.25 -13.25,38 -14.75,44.5 -1.5,6.5 -17.5,20.75 -20,23.5 -2.5,2.75 -13.25,7.25 -19.5,8.5 -6.25,1.25 -12.75,7.25 -15.5,11 -2.021124,2.75608 -7.406019,6.45031 -10.125,8.21875 -0.0458,0.18128 -0.07936,0.34868 -0.125,0.53125 -0.133689,0.53475 -0.24712,1.08331 -0.375,1.625 4.979513,-1.60482 11.179508,-8.17951 16.625,-13.625 6.25,-6.25 20,-7.75 27.75,-11.5 7.75,-3.75 14.25,-19.75 26.5,-23.75 12.25,-4 21.25,11.75 24.25,18.5 3,6.75 1.75,12.75 3.75,17 2,4.25 11,11.75 11.5,13.5 0.5,1.75 -5,6.5 -6.25,8.5 -1.25,2 -10.5,7 -11.75,8.75 -0.96568,1.35195 -1.92316,6.77314 -2.3125,9.21875 0.41303,-0.1692 0.75418,-0.31053 1.125,-0.46875 0.484,-2.52933 1.51549,-7.07799 2.9375,-8.5 2,-2 11.25,-4.5 12.5,-8.5 1.25,-4 7,-6.5 7,-6.5 0,0 2.75,4 16,14 8.83333,6.66667 12.7581,15.53356 14.40625,20.71875 0.6736,0.17065 1.53295,0.4094 2.03125,0.53125 -1.22115,-4.31871 -4.83646,-16.23885 -8.9375,-20.75 -5,-5.5 -18.5,-10.75 -22.75,-22 -4.25,-11.25 -24.5,-34.25 -17.5,-40.25 7,-6 16.5,-4 28.5,7.5 12,11.5 46.25,5.75 57.75,3.75 9.95453,-1.73122 20.83445,14.88321 23.90625,26.03125 0.589,-2.09567 1.12663,-4.00219 1.65625,-5.75 -1.73806,-1.9258 -3.69722,-4.61996 -5.3125,-8.28125 -3.75,-8.5 -12,-13.25 -12,-13.25 0,0 8.75,-5 14.75,-7.75 1.61703,-0.74114 3.00627,-1.67713 4.1875,-2.65625 -0.16234,-0.77403 -0.25893,-1.25585 -0.4375,-2.09375 -0.0311,-0.14611 -0.062,-0.29154 -0.0937,-0.4375 -4.76565,5.5624 -19.23226,9.61532 -21.65625,10.9375 -2.75,1.5 -18.25,3 -35.75,4.5 -17.5,1.5 -26.75,-7.5 -34.25,-14.75 -7.5,-7.25 -13,-36 -3,-38 10,-2 20,13.75 30,17 10,3.25 21.5,-15.75 19.75,-27 C 181.79693,80.265625 169.00292,75.375305 158.5313,75.34375 Z M 105.1875,88.625 c 1.27533,0.0015 5.85938,1.59375 6.5625,2.375 2.25,2.5 2,7.25 0,8 -2,0.75 -12.75,8 -10.5,14.25 2.25,6.25 1.75,18 -3.5,18 -5.25,0 -8,0 -10,-2.5 -2,-2.5 -2,-12 0,-19.75 2,-7.75 3.5,-15 8,-18.25 3.09375,-2.23438 6.63177,-2.128357 9.4375,-2.125 z m 13.59375,73.09375 c 0.20325,0.0137 1.90625,3.51563 4.71875,7.03125 3,3.75 3.25,8.25 3.25,8.25 0,0 -4.25,-4.75 -6,-8 -1.75,-3.25 -2,-7.25 -2,-7.25 0,-0.0312 0.0178,-0.0323 0.0312,-0.0312 z"
2836,2837c2775,2776
<        style="opacity:0.38695655;fill:none;stroke:#6d7f42;stroke-width:1;stroke-linecap:round;stroke-linejoin:round;stroke-miterlimit:4;stroke-dasharray:none;stroke-opacity:1"
<        d="M 122.75,62.25 C 129,62.75 135,60 133.5,55.75 C 132,51.5 121,48.5 120.25,52.75 C 119.5,57 122.25,63.25 122.75,62.25 z"
---
>        style="opacity:0.386957;fill:none;stroke:#6d7f42;stroke-width:1;stroke-linecap:round;stroke-linejoin:round;stroke-miterlimit:4;stroke-dasharray:none;stroke-opacity:1"
>        d="M 122.75,62.25 C 129,62.75 135,60 133.5,55.75 132,51.5 121,48.5 120.25,52.75 c -0.75,4.25 2,10.5 2.5,9.5 z"
2840,2841c2779,2780
<        style="opacity:0.38695655;fill:none;stroke:#6d7f42;stroke-width:1;stroke-linecap:round;stroke-linejoin:round;stroke-miterlimit:4;stroke-dasharray:none;stroke-opacity:1"
<        d="M 108.75,46.75 C 100.25,41.25 100.25,39.5 101.75,38.75 C 103.25,38 112,43.75 114.5,46.75 C 117,49.75 112.25,48.75 108.75,46.75 z"
---
>        style="opacity:0.386957;fill:none;stroke:#6d7f42;stroke-width:1;stroke-linecap:round;stroke-linejoin:round;stroke-miterlimit:4;stroke-dasharray:none;stroke-opacity:1"
>        d="m 108.75,46.75 c -8.5,-5.5 -8.5,-7.25 -7,-8 1.5,-0.75 10.25,5 12.75,8 2.5,3 -2.25,2 -5.75,0 z"
2849,2850c2788,2789
<          d="M 15.75,151.25 C 48.75,148.75 54,147.75 52,141 C 50,134.25 43.25,117.5 29,118.5 C 14.75,119.5 6.25,111.75 6.25,111.75"
<          style="opacity:0.38695655;fill:none;stroke:#6d7f42;stroke-width:1;stroke-linecap:round;stroke-linejoin:round;stroke-miterlimit:4;stroke-dasharray:none;stroke-opacity:1" />
---
>          d="M 15.75,151.25 C 48.75,148.75 54,147.75 52,141 50,134.25 43.25,117.5 29,118.5 14.75,119.5 6.25,111.75 6.25,111.75"
>          style="opacity:0.386957;fill:none;stroke:#6d7f42;stroke-width:1;stroke-linecap:round;stroke-linejoin:round;stroke-miterlimit:4;stroke-dasharray:none;stroke-opacity:1" />
2853,2854c2792,2793
<          d="M 17.5,177.25 C 35.75,167.25 46.25,168.75 52.5,165.75 C 58.75,162.75 65.75,160 68.25,156.25 C 70.75,152.5 74,144.75 74,138.25 C 74,131.75 70.5,102.25 77.25,94.75 C 84,87.25 94.5,68.75 103.25,71.5 C 112,74.25 115.5,81.25 125.25,81 C 135,80.75 147,77 149.5,68.75 C 152,60.5 133.75,52.75 133.5,45.75 C 133.25,38.75 139,31.5 153.75,28.75 C 168.5,26 177.25,17.25 177.25,17.25"
<          style="opacity:0.38695655;fill:none;stroke:#6d7f42;stroke-opacity:1" />
---
>          d="m 17.5,177.25 c 18.25,-10 28.75,-8.5 35,-11.5 6.25,-3 13.25,-5.75 15.75,-9.5 2.5,-3.75 5.75,-11.5 5.75,-18 0,-6.5 -3.5,-36 3.25,-43.5 6.75,-7.5 17.25,-26 26,-23.25 8.75,2.75 12.25,9.75 22,9.5 9.75,-0.25 21.75,-4 24.25,-12.25 2.5,-8.25 -15.75,-16 -16,-23 -0.25,-7 5.5,-14.25 20.25,-17 14.75,-2.75 23.5,-11.5 23.5,-11.5"
>          style="opacity:0.386957;fill:none;stroke:#6d7f42;stroke-opacity:1" />
2857,2858c2796,2797
<          d="M 14.5,161 C 29.75,159.5 36.75,164.5 46,162.75 C 55.25,161 59.25,159.75 63.75,157 C 68.25,154.25 69.75,153.25 70,150.5 C 70.25,147.75 71,138 67,128.5 C 63,119 54.5,97 58.75,89.75 C 63,82.5 64,68.25 74.5,65.25 C 85,62.25 95.5,59 102.25,64 C 109,69 115,78.25 122.25,78.5 C 129.5,78.75 134,77 136.75,74 C 139.5,71 141.25,63.75 138.5,60.25 C 135.75,56.75 123,54.75 121.25,50.75 C 119.5,46.75 110.5,33.75 121,24 C 131.5,14.25 157.25,15.75 157.25,15.75"
<          style="opacity:0.38695655;fill:none;stroke:#6d7f42;stroke-width:1;stroke-linecap:round;stroke-linejoin:round;stroke-miterlimit:4;stroke-dasharray:none;stroke-opacity:1" />
---
>          d="m 14.5,161 c 15.25,-1.5 22.25,3.5 31.5,1.75 9.25,-1.75 13.25,-3 17.75,-5.75 4.5,-2.75 6,-3.75 6.25,-6.5 0.25,-2.75 1,-12.5 -3,-22 C 63,119 54.5,97 58.75,89.75 63,82.5 64,68.25 74.5,65.25 85,62.25 95.5,59 102.25,64 c 6.75,5 12.75,14.25 20,14.5 7.25,0.25 11.75,-1.5 14.5,-4.5 2.75,-3 4.5,-10.25 1.75,-13.75 -2.75,-3.5 -15.5,-5.5 -17.25,-9.5 -1.75,-4 -10.75,-17 -0.25,-26.75 10.5,-9.75 36.25,-8.25 36.25,-8.25"
>          style="opacity:0.386957;fill:none;stroke:#6d7f42;stroke-width:1;stroke-linecap:round;stroke-linejoin:round;stroke-miterlimit:4;stroke-dasharray:none;stroke-opacity:1" />
2861,2862c2800,2801
<          d="M 21.25,159 C 35,160 42.75,163.25 54.75,158.5 C 66.75,153.75 68.25,153.25 68.5,149.75 C 68.75,146.25 68.25,134 65.5,129.75 C 62.75,125.5 52.5,116 49.75,105.5 C 47,95 50,64.5 58.25,57.25 C 66.5,50 90.25,50 95.75,46.75 C 101.25,43.5 101,30 108.75,22.25 C 116.5,14.5 135.75,9.9999997 135.75,9.9999997"
<          style="opacity:0.38695655;fill:none;stroke:#6d7f42;stroke-width:1;stroke-linecap:round;stroke-linejoin:round;stroke-miterlimit:4;stroke-dasharray:none;stroke-opacity:1" />
---
>          d="m 21.25,159 c 13.75,1 21.5,4.25 33.5,-0.5 12,-4.75 13.5,-5.25 13.75,-8.75 0.25,-3.5 -0.25,-15.75 -3,-20 C 62.75,125.5 52.5,116 49.75,105.5 47,95 50,64.5 58.25,57.25 66.5,50 90.25,50 95.75,46.75 c 5.5,-3.25 5.25,-16.75 13,-24.5 7.75,-7.75 27,-12.2500003 27,-12.2500003"
>          style="opacity:0.386957;fill:none;stroke:#6d7f42;stroke-width:1;stroke-linecap:round;stroke-linejoin:round;stroke-miterlimit:4;stroke-dasharray:none;stroke-opacity:1" />
2865,2866c2804,2805
<          d="M 190,18.5 C 201.75,23.5 229,28.25 237.25,58.75"
<          style="opacity:0.38695655;fill:none;stroke:#6d7f42;stroke-width:1;stroke-linecap:round;stroke-linejoin:round;stroke-miterlimit:4;stroke-dasharray:none;stroke-opacity:1" />
---
>          d="m 190,18.5 c 11.75,5 39,9.75 47.25,40.25"
>          style="opacity:0.386957;fill:none;stroke:#6d7f42;stroke-width:1;stroke-linecap:round;stroke-linejoin:round;stroke-miterlimit:4;stroke-dasharray:none;stroke-opacity:1" />
2869,2870c2808,2809
<          d="M 9.75,214 C 28.75,201.5 45.75,212.75 58.75,210 C 71.75,207.25 97,172.75 104.75,173 C 112.5,173.25 110.25,161.25 113.25,159.75 C 116.25,158.25 118.75,165.75 125,167.75 C 131.25,169.75 149.5,165 148.5,162 C 147.5,159 141.5,154.25 143,153.5 C 144.5,152.75 151.5,158.5 155.75,157 C 160,155.5 199.5,156 204.25,143.5 C 209,131 225.75,130 225.75,130"
<          style="opacity:0.38695655;fill:none;stroke:#6d7f42;stroke-width:1;stroke-linecap:round;stroke-linejoin:round;stroke-miterlimit:4;stroke-dasharray:none;stroke-opacity:1" />
---
>          d="m 9.75,214 c 19,-12.5 36,-1.25 49,-4 13,-2.75 38.25,-37.25 46,-37 7.75,0.25 5.5,-11.75 8.5,-13.25 3,-1.5 5.5,6 11.75,8 6.25,2 24.5,-2.75 23.5,-5.75 -1,-3 -7,-7.75 -5.5,-8.5 1.5,-0.75 8.5,5 12.75,3.5 4.25,-1.5 43.75,-1 48.5,-13.5 C 209,131 225.75,130 225.75,130"
>          style="opacity:0.386957;fill:none;stroke:#6d7f42;stroke-width:1;stroke-linecap:round;stroke-linejoin:round;stroke-miterlimit:4;stroke-dasharray:none;stroke-opacity:1" />
2874,2875c2813,2814
<          d="M 77.5,233.5 C 91,222 100.75,208.5 106,206.5 C 111.25,204.5 118.75,202.75 121.75,198.5 C 124.75,194.25 124.25,187.75 127,186.5 C 129.75,185.25 130.75,192.25 135.75,192.5 C 140.75,192.75 172.5,187.5 178.5,180.75 C 184.5,174 210.75,168.25 211,166.25 C 211.25,164.25 210,161.5 211.25,160.75 C 212.5,160 236,154.75 236,154.75"
<          style="opacity:0.38695655;fill:none;stroke:#6d7f42;stroke-width:1;stroke-linecap:round;stroke-linejoin:round;stroke-miterlimit:4;stroke-dasharray:none;stroke-opacity:1" />
---
>          d="m 77.5,233.5 c 13.5,-11.5 23.25,-25 28.5,-27 5.25,-2 12.75,-3.75 15.75,-8 3,-4.25 2.5,-10.75 5.25,-12 2.75,-1.25 3.75,5.75 8.75,6 5,0.25 36.75,-5 42.75,-11.75 6,-6.75 32.25,-12.5 32.5,-14.5 0.25,-2 -1,-4.75 0.25,-5.5 1.25,-0.75 24.75,-6 24.75,-6"
>          style="opacity:0.386957;fill:none;stroke:#6d7f42;stroke-width:1;stroke-linecap:round;stroke-linejoin:round;stroke-miterlimit:4;stroke-dasharray:none;stroke-opacity:1" />
2878,2879c2817,2818
<          d="M 168.75,236 C 177.75,222.25 189.25,195 198.25,194 C 207.25,193 208.5,191.5 210.75,189.75 C 213,188 227.75,192 227.75,192"
<          style="opacity:0.38695655;fill:none;stroke:#6d7f42;stroke-width:1;stroke-linecap:round;stroke-linejoin:round;stroke-miterlimit:4;stroke-dasharray:none;stroke-opacity:1" />
---
>          d="m 168.75,236 c 9,-13.75 20.5,-41 29.5,-42 9,-1 10.25,-2.5 12.5,-4.25 2.25,-1.75 17,2.25 17,2.25"
>          style="opacity:0.386957;fill:none;stroke:#6d7f42;stroke-width:1;stroke-linecap:round;stroke-linejoin:round;stroke-miterlimit:4;stroke-dasharray:none;stroke-opacity:1" />
2887c2826
<          d="M 57.75,20 L 49.25,48.25 L 67.25,54.5 L 75,90.75 L 54,113 L 63,123.5 L 51,135 L 51.5,139.5 L 71.75,164 L 85.75,157.25 L 106.25,175.75 L 95.75,204 L 106,212.5 L 103.25,225.5"
---
>          d="m 57.75,20 -8.5,28.25 18,6.25 L 75,90.75 54,113 l 9,10.5 -12,11.5 0.5,4.5 20.25,24.5 14,-6.75 20.5,18.5 -10.5,28.25 10.25,8.5 -2.75,13"
2891c2830
<          d="M 105.75,212.25 L 118.25,184.5 L 129.25,177.5 L 156.75,193.25 L 177.25,189.5 L 177,173.75 L 166.75,167.75 L 179.5,141.5 L 185.25,137.75 L 224,127.75"
---
>          d="m 105.75,212.25 12.5,-27.75 11,-7 27.5,15.75 20.5,-3.75 -0.25,-15.75 -10.25,-6 12.75,-26.25 5.75,-3.75 38.75,-10"
2900,2954c2839,2840
<      sodipodi:insensitive="true"
<      style="display:inline">
<     <g
<        id="g4199"
<        transform="translate(0,320)"
<        style="opacity:0.5043478">
<       <path
<          sodipodi:nodetypes="cscscscscscccccsc"
<          id="path3834-4"
<          transform="translate(0,-192)"
<          d="M 219.25,10 C 219.25,10 195,19 187.5,20.5 C 180,22 166.5,25.75 166.5,25.75 C 166.5,25.75 156.75,21.5 144.5,17.25 C 132.25,13 114.75,11.75 114.75,11.75 C 114.75,11.75 111.5,15.25 92.75,19.75 C 74.000003,24.25 65.25,25.5 65.25,25.5 C 65.25,25.5 46.75,16.5 33.75,14 C 20.75,11.5 9.75,12 9,12.25 C 9,12.25 16.5,25.25 20.75,40 C 25,54.75 27,65.5 27,65.5 L 78.46875,70.625 L 127.4375,66.625 L 179.6875,78.65625 C 190.07319,74.238496 231.80421,73.755785 235,65.5 C 235,65.5 230.25,50.25 227.5,35.75 C 224.75,21.25 219.25,10 219.25,10 z"
<          style="fill:#b1e479;fill-opacity:1;stroke:none" />
<       <path
<          sodipodi:nodetypes="cscccccsccccc"
<          id="path3834-7-2"
<          transform="translate(0,-192)"
<          d="M 27,65.5 C 27,65.5 21.5,78.25 18.75,90.25 C 16,102.25 13,113.25 13,113.25 L 63.96875,129.625 L 117.6875,113.875 L 169.9375,131.40625 C 186.30214,127.14964 202.33444,122.28803 218,116 C 218,116 219.75,105.5 224.75,92.25 C 229.75,79 235,65.5 235,65.5 C 231.80421,73.75579 190.07319,74.2385 179.6875,78.65625 L 127.4375,66.625 L 79.46875,70.625 L 27,65.5 z"
<          style="fill:#87d531;fill-opacity:1;stroke:none" />
<       <path
<          id="path3834-7-26"
<          transform="translate(0,-192)"
<          d="M 231.75,165.5 C 213.85059,173.17118 195.80681,180.40405 177.4375,186.90625 L 125.1875,168.375 L 74.96875,177.375 L 26,167.5 C 26,167.5 22,177.75 18.5,191.75 C 15,205.75 13.5,222.5 13.5,222.5 C 13.5,222.5 22.75,220.5 42,223.75 C 61.25,227 74.25,229.75 74.25,229.75 C 74.25,229.75 87.000003,227 98.25,223.5 C 109.5,220 114.5,217 114.5,217 C 114.5,217 120,217.5 137,223.25 C 154,229 166.25,231.75 166.25,231.75 C 166.25,231.75 179.25,229 192.25,226 C 205.25,223 218.75,218 218.75,218 C 218.75,218 218,213 223,193.5 C 228,174 231.75,165.5 231.75,165.5 z"
<          style="fill:#ceeeab;fill-opacity:1;stroke:none" />
<       <path
<          sodipodi:nodetypes="cscccccsccccc"
<          id="path3834-7-26-0"
<          transform="translate(0,-192)"
<          d="M 13,113.25 C 13,113.25 18.75,129.25 22.25,143.25 C 25.75,157.25 26,167.5 26,167.5 L 74.96875,177.375 L 125.1875,168.375 L 177.4375,186.90625 C 195.80681,180.40405 213.85059,173.17118 231.75,165.5 C 231.75,165.5 231.25,161 228,145.75 C 224.75,130.5 218,116 218,116 C 202.33444,122.28803 186.30214,127.14964 169.9375,131.40625 L 117.6875,113.875 L 63.96875,129.625 L 13,113.25 z"
<          style="fill:#b9e787;fill-opacity:1;stroke:none" />
<     </g>
<     <g
<        id="g4205"
<        style="opacity:0.52173911"
<        transform="translate(0,140)">
<       <path
<          sodipodi:nodetypes="ccscscscscscccccsc"
<          id="path3834-2"
<          d="M 13.71875,0.03125 C 10.989746,0.02425 9.28125,0.15625 9,0.25 C 9,0.25 16.5,13.25 20.75,28 C 25,42.75 27,53.5 27,53.5 C 27,53.5 21.5,66.25 18.75,78.25 C 16,90.25 13,101.25 13,101.25 C 13,101.25 18.75,117.25 22.25,131.25 C 25.75,145.25 26,155.5 26,155.5 C 26,155.5 22,165.75 18.5,179.75 C 15,193.75 13.5,210.5 13.5,210.5 C 13.5,210.5 22.75,208.5 42,211.75 C 61.25,215 74.25,217.75 74.25,217.75 L 75.75,164.5 L 63.5,118 L 79.5,58.25 C 77.279793,42.77003 70.432295,28.20354 65.25,13.5 C 65.25,13.5 46.75,4.5 33.75,2 C 25.625,0.4375 18.26709,0.04346 13.71875,0.03125 z"
<          style="fill:#83d32b;fill-opacity:1;stroke:none" />
<       <path
<          sodipodi:nodetypes="cscccccsccccc"
<          id="path3834-6-2"
<          d="M 114.75,-0.25 C 114.75,-0.25 111.5,3.25 92.75,7.75 C 74,12.25 65.25,13.5 65.25,13.5 C 70.432295,28.20354 77.279793,42.77003 79.5,58.25 L 63.5,118 L 75.75,164.5 L 74.25,217.75 C 74.25,217.75 87,215 98.25,211.5 C 109.5,208 114.5,205 114.5,205 L 125.75,156.5 L 117.5,102.25 L 129.25,57.25 C 125.81031,47.52322 121.18553,0.32024 114.75,-0.25 z"
<          style="fill:#b1e479;fill-opacity:1;stroke:none" />
<       <path
<          id="path3834-6-6"
<          d="M 219.25,-2 C 219.25,-2 195,7 187.5,8.5 C 180,10 166.5,13.75 166.5,13.75 C 171.42395,12.39167 177.93679,59.14247 180.75,66 L 169.5,119.25 L 179,174.25 L 166.25,219.75 C 166.25,219.75 179.25,217 192.25,214 C 205.25,211 218.75,206 218.75,206 C 218.75,206 218,201 223,181.5 C 228,162 231.75,153.5 231.75,153.5 C 231.75,153.5 231.25,149 228,133.75 C 224.75,118.5 218,104 218,104 C 218,104 219.75,93.5 224.75,80.25 C 229.75,67 235,53.5 235,53.5 C 235,53.5 230.25,38.25 227.5,23.75 C 224.75,9.25 219.25,-2 219.25,-2 z"
<          style="fill:#a4df62;fill-opacity:1;stroke:none"
<          sodipodi:nodetypes="cscccccscscscscsc" />
<       <path
<          sodipodi:nodetypes="cccccscccccsc"
<          id="path3834-6-6-9"
<          d="M 114.75,-0.25 C 121.18553,0.32024 125.81031,47.52322 129.25,57.25 L 117.5,102.25 L 125.75,155.5 L 114.5,205 C 114.5,205 120,205.5 137,211.25 C 154,217 166.25,219.75 166.25,219.75 L 179,174.25 L 169.5,119.25 L 180.75,66 C 177.93679,59.14247 171.42395,12.39167 166.5,13.75 C 166.5,13.75 156.75,9.5 144.5,5.25 C 132.25,1 114.75,-0.25 114.75,-0.25 z"
<          style="fill:#ceeeab;fill-opacity:1;stroke:none" />
<     </g>
---
>      style="display:inline"
>      sodipodi:insensitive="true">
2956,2957c2842,2843
<        style="opacity:0.03913042;fill:url(#linearGradient5168);fill-opacity:1;stroke:none"
<        d="M 9,-189.75 C 9,-189.75 16.5,-176.75 20.75,-162 C 25,-147.25 27,-136.5 27,-136.5 C 27,-136.5 21.5,-123.75 18.75,-111.75 C 16,-99.75 13,-88.75 13,-88.75 C 13,-88.75 18.75,-72.75 22.25,-58.75 C 25.75,-44.75 26,-34.5 26,-34.5 C 26,-34.5 22,-24.25 18.5,-10.25 C 15,3.75 13.5,20.5 13.5,20.5 C 13.5,20.5 22.75,18.5 42,21.75 C 61.25,25 74.25,27.75 74.25,27.75 C 74.25,27.75 87,25 98.25,21.5 C 109.5,18 114.5,15 114.5,15 C 114.5,15 120,15.5 137,21.25 C 154,27 166.25,29.75 166.25,29.75 C 166.25,29.75 179.25,27 192.25,24 C 205.25,21 218.75,16 218.75,16 C 218.75,16 218,11 223,-8.5 C 228,-28 231.75,-36.5 231.75,-36.5 C 231.75,-36.5 231.25,-41 228,-56.25 C 224.75,-71.5 218,-86 218,-86 C 218,-86 219.75,-96.5 224.75,-109.75 C 229.75,-123 235,-136.5 235,-136.5 C 235,-136.5 230.25,-151.75 227.5,-166.25 C 224.75,-180.75 219.25,-192 219.25,-192 C 219.25,-192 195,-183 187.5,-181.5 C 180,-180 166.5,-176.25 166.5,-176.25 C 166.5,-176.25 156.75,-180.5 144.5,-184.75 C 132.25,-189 114.75,-190.25 114.75,-190.25 C 114.75,-190.25 111.5,-186.75 92.75,-182.25 C 74,-177.75 65.25,-176.5 65.25,-176.5 C 65.25,-176.5 46.75,-185.5 33.75,-188 C 20.75,-190.5 9.75,-190 9,-189.75 z"
---
>        style="opacity:0.0391304;fill:url(#linearGradient5168);fill-opacity:1;stroke:none"
>        d="m 9,-189.75 c 0,0 7.5,13 11.75,27.75 4.25,14.75 6.25,25.5 6.25,25.5 0,0 -5.5,12.75 -8.25,24.75 -2.75,12 -5.75,23 -5.75,23 0,0 5.75,16 9.25,30 3.5,14 3.75,24.25 3.75,24.25 0,0 -4,10.25 -7.5,24.25 -3.5,14 -5,30.75 -5,30.75 0,0 9.25,-2 28.5,1.25 19.25,3.25 32.25,6 32.25,6 0,0 12.75,-2.75 24,-6.25 C 109.5,18 114.5,15 114.5,15 c 0,0 5.5,0.5 22.5,6.25 17,5.75 29.25,8.5 29.25,8.5 0,0 13,-2.75 26,-5.75 13,-3 26.5,-8 26.5,-8 0,0 -0.75,-5 4.25,-24.5 5,-19.5 8.75,-28 8.75,-28 0,0 -0.5,-4.5 -3.75,-19.75 C 224.75,-71.5 218,-86 218,-86 c 0,0 1.75,-10.5 6.75,-23.75 5,-13.25 10.25,-26.75 10.25,-26.75 0,0 -4.75,-15.25 -7.5,-29.75 -2.75,-14.5 -8.25,-25.75 -8.25,-25.75 0,0 -24.25,9 -31.75,10.5 -7.5,1.5 -21,5.25 -21,5.25 0,0 -9.75,-4.25 -22,-8.5 -12.25,-4.25 -29.75,-5.5 -29.75,-5.5 0,0 -3.25,3.5 -22,8 -18.75,4.5 -27.5,5.75 -27.5,5.75 0,0 -18.5,-9 -31.5,-11.5 -13,-2.5 -24,-2 -24.75,-1.75 z"
3229,3282d3114
<        style="fill:#d0e9f2;fill-opacity:0.475936;stroke:none"
<        d="m -95.5,225 c 28.71881,0 52,23.28119 52,52 0,28.71881 -23.28119,52 -52,52 -28.71881,0 -52,-23.28119 -52,-52 0,-28.71881 23.28119,-52 52,-52 z"
<        id="path5604-9-1-8"
<        sodipodi:nodetypes="csssc" />
<     <g
<        id="g6060">
<       <path
<          sodipodi:nodetypes="csssccsssc"
<          id="path5604"
<          d="m -82,136 c -27.61424,0 -50,-22.38576 -50,-50 0,-27.61424 22.38576,-50 50,-50 27.61424,0 50,22.38576 50,50 0,27.61424 -22.38576,50 -50,50 z m 0,-3 c 26.50967,0 48,-20.49033 48,-47 0,-26.50967 -21.49033,-47 -48,-47 -26.50967,0 -48,20.49033 -48,47 0,26.50967 21.49033,47 48,47 z"
<          style="fill:#2d3335;fill-opacity:1;stroke:none" />
<       <path
<          id="path5604-2"
<          d="m -82.00007,136 c -27.61424,0 -50,-22.38576 -50,-50 0,-0.168279 -0.002,-0.332113 0,-0.5 0.27054,27.38199 22.55404,49.5 50,49.5 27.44596,0 49.72946,-22.11801 50,-49.5 0.002,0.167887 0,0.331721 0,0.5 0,27.61424 -22.38576,50 -50,50 z m -48,-50.5 c -0.002,-0.16719 0,-0.332325 0,-0.5 0,-26.50967 21.49033,-47 48,-47 26.50967,0 48,20.49033 48,47 0,0.167675 0.002,0.33281 0,0.5 -0.26948,-26.26576 -21.65801,-46.5 -48,-46.5 -26.34199,0 -47.73051,20.23424 -48,46.5 z"
<          style="fill:#9eaaac;fill-opacity:1;stroke:none" />
<       <path
<          sodipodi:nodetypes="csssc"
<          id="path5604-9"
<          d="m -82,134 c 26.50967,0 48,-21.49033 48,-48 0,-26.50967 -21.49033,-48 -48,-48 -26.50967,0 -48,21.49033 -48,48 0,26.50967 21.49033,48 48,48 z"
<          style="fill:#d0e9f2;fill-opacity:0.475936;stroke:none" />
<       <path
<          sodipodi:nodetypes="csssc"
<          id="path5604-9-1"
<          d="m -82,134 c 26.50967,0 48,-21.49034 48,-48 0,-26.509675 -21.49033,-48 -48,-48 -26.50967,0 -48,21.490325 -48,48 0,26.50966 21.49033,48 48,48 z"
<          style="fill:url(#radialGradient5751);fill-opacity:1;stroke:none" />
<       <path
<          id="path5604-9-1-8-8"
<          d="m -96.4375,130.71875 -0.84375,5 C -92.45117,137.2009 -87.31584,138 -82,138 c 5.31584,0 10.45117,-0.7991 15.28125,-2.28125 l -0.84375,-5 C -72.11472,132.1879 -76.95892,133 -82,133 c -5.04108,0 -9.88528,-0.8121 -14.4375,-2.28125 z"
<          style="fill:url(#linearGradient5778);fill-opacity:1;stroke:none" />
<       <path
<          id="rect5757"
<          d="m -82,136.25 c 1.75679,0 3.4314,0.29816 5,0.8125 v 26.625 c -1.5686,0.51434 -3.24321,0.8125 -5,0.8125 -1.75679,0 -3.4314,-0.29816 -5,-0.8125 v -26.625 c 1.5686,-0.51434 3.24321,-0.8125 5,-0.8125 z"
<          style="fill:url(#linearGradient5768);fill-opacity:1;stroke:none" />
<       <path
<          sodipodi:nodetypes="cccsccc"
<          id="rect5757-8-7"
<          d="m -82,150.5 c 3.51358,0 5.6128,0.65272 8,2.43805 v 67.1239 c -3.1372,0.91033 -4.48642,1.43805 -8,1.43805 -3.51358,0 -4.8628,-0.52772 -8,-1.43805 v -67.1239 c 2.6372,-1.78533 4.48642,-2.43805 8,-2.43805 z"
<          style="fill:url(#linearGradient5868);fill-opacity:1;stroke:none" />
<       <path
<          sodipodi:nodetypes="cccsccc"
<          id="rect5757-8"
<          d="m -82,154.5 c 3.51358,0 7.2378,0.77772 10,2.43805 v 65.1239 c -2.0122,1.78533 -6.48642,2.43805 -10,2.43805 -3.51358,0 -7.8628,-0.15272 -10,-2.43805 v -65.1239 c 1.8872,-1.66033 6.48642,-2.43805 10,-2.43805 z"
<          style="fill:url(#linearGradient5798);fill-opacity:1;stroke:none" />
<       <path
<          sodipodi:nodetypes="cccsccc"
<          id="rect5757-8-7-7"
<          d="m -82,217.5 c 3.51358,0 5.8628,0.77772 8,2.43805 v 5.1239 c -2.3872,1.53533 -4.48642,2.43805 -8,2.43805 -3.51358,0 -5.7378,-0.90272 -8,-2.43805 v -5.1239 c 2.3872,-1.91033 4.48642,-2.43805 8,-2.43805 z"
<          style="fill:url(#linearGradient5899);fill-opacity:1;stroke:none" />
<       <path
<          id="rect5757-8-7-7-0"
<          d="m -82,221.5 c -3.51358,0 -5.6128,0.27717 -8,2.4375 v 1.125 c 2.2622,1.53533 4.48642,2.4375 8,2.4375 3.51358,0 5.6128,-0.90217 8,-2.4375 v -1.125 c -2.5122,-2.03533 -4.48642,-2.4375 -8,-2.4375 z"
<          style="fill:#e0bb41;fill-opacity:1;stroke:none" />
<     </g>
<     <path
